04
20
92
E5
06
10
92
E5
02
10
51
E0
02
00
00
0A
01
10
51
E0
00
00
00
0A
00
00
90
E5
04
00
90
E5
00
30
93
E5
03
00
50
E0
03
00
50
E0
00
00
80
E5
00
40
94
E5
00
10
B0
E1
FE
FF
FF
EA
00
00
00
00
00
00
00
00
00
00
00
00
00
00
00
00
00
00
00
00
00
00
00
00
00
00
00
00
00
00
00
00
00
00
00
00
00
00
00
00
00
00
00
00
00
00
00
00
00
00
00
00
00
00
00
00
00
00
00
00
00
00
00
00
00
00
00
00
00
00
00
00
00
00
00
00
00
00
00
00
00
00
00
00
00
00
00
00
00
00
00
00
00
00
00
00
00
00
00
00
00
00
00
00
00
00
00
00
00
00
00
00
00
00
00
00
00
00
00
00
00
00
00
00
00
00
00
00
00
00
00
00
00
00
00
00
00
00
00
00